COM -0.1485581235782 -0.049720086339562 -0.18623335007908
16
HO -420.858345045969 720.810530401011 -551.850406142121 
C -419.600320345277 720.245818446263 -552.229054079675 
C -419.789513254898 718.855636400267 -552.864034332864 
C -420.630736157091 717.853221770179 -552.052179088247 
C -420.800731257512 716.429627593987 -552.614390158348 
C -421.453919709175 715.575162301039 -551.512195116732 
C -421.458551417751 714.081470361337 -551.886978969830 
H -420.730683972721 721.660846268654 -551.458372246123 
HO -423.254864791671 721.946467495164 -552.814988157125 
C -424.342725188501 721.256154349210 -553.435413428638 
C -424.674545186758 721.885692542180 -554.801128315556 
C -423.427003634444 722.121266620935 -555.672761798546 
C -422.612645615275 720.893015505219 -556.119774341273 
C -421.290774014308 721.346173871506 -556.767001477310 
C -420.359902557161 720.288149774092 -557.388019463812 
H -422.709009515461 721.321567042306 -552.362697938955 
