COM -0.052873227902069 0.3302391133567 -0.055121576167835
16
HO -349.297951712874 768.845718193398 -579.251423993263 
C -349.671414222050 769.748193502267 -578.206931738087 
C -348.882294793430 771.063174169644 -578.347346736578 
C -347.369553107193 771.033443350524 -578.060417008043 
C -346.789295821920 772.457165961555 -578.149385596463 
C -345.263156438799 772.589856474554 -577.991614207899 
C -344.754614765668 774.036803708962 -577.852585191049 
H -348.752952010590 768.219748262064 -578.799581133879 
HO -348.169052860310 766.235996880918 -577.985801392289 
C -346.838066382141 766.179778002906 -577.465979853020 
C -345.959239380293 767.016149094312 -578.414529534525 
C -346.216888088848 766.631724452744 -579.883350435090 
C -345.029870924573 767.037189550665 -580.776764284370 
C -344.668258945049 768.528923875390 -580.652002588717 
C -343.300174681771 768.850297500579 -581.281815609862 
H -348.474341784193 765.364765335019 -578.187740161188 
