COM -0.14649545825739 0.21565273315343 -0.22518373130663
16
HO 342.461413700360 406.456052109062 258.689786256446 
C 341.664450067079 405.281317281460 258.517312919245 
C 340.244877559309 405.840879784006 258.309217506203 
C 339.549110555794 406.363860340797 259.579650351354 
C 338.295109449242 407.154884595594 259.163282901749 
C 337.749626936916 407.923949029265 260.380898902633 
C 336.823088088216 409.083311506896 259.969797446406 
H 342.849922053095 406.367238313275 259.546640018492 
HO 341.417425178618 409.073098047375 258.589202039967 
C 341.139381591049 409.279414174665 257.201749187063 
C 342.447995097576 409.260705378624 256.390096138349 
C 343.570927738292 410.219253763133 256.828054217361 
C 344.850242769729 409.997269812191 255.999998557478 
C 346.086924277853 410.735942288751 256.544591818396 
C 347.398957724296 410.391515707673 255.815524904004 
H 341.693081692005 408.184209391854 258.753261311917 
