COM 0.24474423663349 -0.12206372257833 -0.1515374230305
16
HO -107.708299691653 -912.770404700267 789.861006009674 
C -107.816024571735 -913.469987818898 788.618476810685 
C -106.897087249461 -912.827350570002 787.562933555265 
C -105.514862271510 -912.411862111122 788.099984252003 
C -104.667137829615 -911.598585743908 787.104220815667 
C -103.337038079329 -911.029001785905 787.631486184409 
C -102.441645727952 -910.515486753842 786.488606116798 
H -108.425587065184 -913.064162989111 790.401588927929 
HO -109.723909995276 -912.925600395181 791.935421367638 
C -109.933254320757 -913.920503463474 792.941027074708 
C -109.281734225008 -915.222726128969 792.439691165057 
C -109.887739720205 -915.713259944425 791.111634722097 
C -109.147450204815 -916.937641996447 790.542020796628 
C -109.477897499578 -917.281382748710 789.077696078330 
C -108.526381052568 -918.353945164331 788.515711811943 
H -110.116216906042 -912.078443134594 792.081862016371 
