COM -0.32145717429746 0.042042812491843 -0.22143512856897
16
HO 44.5256325624566 85.0013171503832 156.893025988812 
C 43.7202632358997 86.1199848871689 157.273634373528 
C 44.0530700988879 87.3544832839284 156.415232777336 
C 43.2932747048170 88.6461169541800 156.770188297114 
C 42.9262249326964 89.4959020319082 155.539440643671 
C 44.1421935434985 89.7984419496200 154.644180940716 
C 43.7906775128009 90.4112754288898 153.275798097046 
H 45.4196126636095 85.0821392012995 157.188478818936 
HO 47.2334447309002 85.4051859119788 157.438513024170 
C 47.9553688755443 85.2641835358511 156.212199907830 
C 47.5521129017024 86.2898026798857 155.136518732504 
C 48.0597809664243 85.7681636288037 153.779401996019 
C 47.8158722939211 86.7627560630250 152.629230509124 
C 48.5781867516663 86.3385960001709 151.360150169432 
C 50.0792613170827 86.1141034367259 151.620876535605 
H 47.7968515253614 85.1337548192382 158.146978228572 
