COM 0.13356109697389 -0.0075109915677558 -0.17210424635232
16
HO -357.874399079418 -220.159354764339 1862.27458526424 
C -356.954786957924 -220.670586283864 1861.30615566977 
C -355.580951314787 -221.028503010412 1861.90287272375 
C -354.552086105278 -221.548747265015 1860.88190147233 
C -354.838346403372 -222.887429257303 1860.17650402035 
C -353.931704225124 -223.321180772881 1859.00968801800 
C -354.266336732956 -224.761087055650 1858.57807362812 
H -357.852822529599 -220.823840790875 1862.94616383227 
HO -358.261951227107 -221.633247796443 1864.48949182674 
C -358.299035402393 -222.568791233157 1865.57036334637 
C -357.156934761807 -223.601635567937 1865.54941801548 
C -356.947713364720 -224.359750716122 1864.22537578462 
C -358.158985143936 -225.088448524677 1863.61429462742 
C -357.941366700194 -225.847047608544 1862.29188408493 
C -359.221553230624 -226.337782571506 1861.59052708351 
H -358.889052269944 -220.934709269110 1864.59818040895 
