COM -0.2071284150806 -0.041078322357038 -0.21413809385945
16
HO -253.494185434773 -176.588410688812 2044.83795567224 
C -254.433440815125 -175.933255899943 2043.98152614619 
C -253.740603973833 -174.688894701498 2043.39574263741 
C -253.141785869374 -173.715303604155 2044.42779750656 
C -252.526416209365 -172.475176088719 2043.75325771752 
C -251.869533279455 -171.407447046558 2044.64771817440 
C -250.897603349207 -172.078747822920 2045.63580090289 
H -253.449301275055 -176.132593989497 2045.66453993826 
HO -253.159106960778 -176.051523390381 2047.50336142452 
C -254.035749457810 -176.638256239743 2048.46883669395 
C -255.483649035257 -176.662954669254 2047.94483592944 
C -256.492167513616 -177.427709660594 2048.82212737590 
C -257.847264041394 -177.687395239791 2048.13811217113 
C -258.789688073603 -178.464467439121 2049.07597982732 
C -260.180273916102 -178.731653425002 2048.47060171111 
H -252.264935277342 -176.321103746308 2047.64761270611 
