COM 0.025554179715835 -0.078150755971222 0.20482489142211
16
HO 14.6130704158017 -208.094174608256 -498.767746296836 
C 14.0700694572037 -208.606413115037 -497.548048928170 
C 15.0718668175722 -209.489074157988 -496.780643212779 
C 14.7263433466181 -209.939478277777 -495.349088233081 
C 15.9948775637463 -210.230203467627 -494.525741523631 
C 15.6995489851222 -210.662310036862 -493.077409744144 
C 14.9273903781971 -211.959858465873 -492.774525013391 
H 14.1676467301121 -207.278767952908 -498.940183899002 
HO 12.6072740912855 -206.442885149823 -500.031208104084 
C 12.6641890971563 -205.024511807336 -500.204059900222 
C 12.0277447355238 -204.414532840842 -498.941338935408 
C 13.0376196146880 -204.446780710861 -497.779137230318 
C 12.4449626484952 -203.789626861561 -496.518777544049 
C 13.4174371400907 -203.850153896655 -495.326204761692 
C 13.0898971456739 -202.910539145713 -494.150857293123 
H 12.9368430702714 -206.903980572629 -500.787382884910 
