COM 0.16195046847793 0.2908873804196 0.14522423068496
16
HO -593.439270063967 6.79444522182741 -279.415609058659 
C -592.984709917640 5.97874013308830 -278.332603850187 
C -593.815189396290 6.30395084860040 -277.077158978416 
C -595.279833544581 5.89301407445172 -277.317051634677 
C -596.084650790711 6.63429560303370 -276.233367688263 
C -597.614309846194 6.48813824549635 -276.335255866273 
C -598.521518948907 7.30150956705015 -275.393449762434 
H -594.196775840377 6.37945204358371 -279.799002669348 
HO -593.189952710404 9.40669253001824 -278.690163247174 
C -591.953440984841 9.90484448725687 -279.207641150125 
C -591.986363518387 10.1996010645218 -280.718811116391 
C -590.789016551778 11.0094962008415 -281.249876187467 
C -589.375330146422 10.5327994890762 -280.867971759234 
C -588.180891207162 11.3764579446447 -281.350834090265 
C -586.821894205214 10.8689889726515 -280.833917858019 
H -593.166680011896 8.50289275473854 -278.965171151985 
