COM -0.16937325842881 0.28544063964694 0.031989199327484
16
HO 164.128242731477 249.602451785748 497.675657220713 
C 162.829599486925 250.194957126513 497.761465988008 
C 161.879516843970 249.727642906748 496.643181412616 
C 160.390472309597 250.047217675022 496.871694742943 
C 160.109987304267 251.557497646812 496.762229823479 
C 158.620184097880 251.714332183755 496.405173337386 
C 158.086598286078 251.134377152763 495.082094222794 
H 164.083082306762 248.673742263104 497.844429726145 
HO 163.349665519992 246.918524091693 498.109322064949 
C 162.274266056629 245.976057422125 498.122458691344 
C 161.629599360462 246.181298293898 499.505889584235 
C 161.069394420829 247.597189795995 499.736153953819 
C 160.330543387787 247.826316350861 501.067769578851 
C 159.952795738896 249.304453192783 501.277574703456 
C 158.889887627804 249.425476972564 502.385356086266 
H 164.162711644695 246.553134490227 497.795520474374 
