COM 0.2284388672947 -0.1119055500992 0.17080929213071
16
HO 421.515698108089 10.9054481057282 -237.643277087462 
C 421.131610743958 10.9193537433014 -236.265894232204 
C 422.354110485648 10.5337498679999 -235.412428337794 
C 422.061342871102 10.3385314420723 -233.913169557579 
C 423.176374454618 9.60532481531069 -233.144591253023 
C 423.035237420431 9.50796476866048 -231.614166031427 
C 424.193603019775 8.83168218933698 -230.857574324389 
H 420.760212589902 10.5680972357437 -238.099852406911 
HO 419.111243645272 11.1326513407174 -238.793961601132 
C 417.973624179153 10.2830572638357 -238.963996464716 
C 418.190660445769 8.81552056590201 -238.550679033205 
C 419.416268417658 8.08928521588239 -239.135544244706 
C 419.633666766995 6.65559166951132 -238.617026383104 
C 420.886488375327 5.95852173264125 -239.179282126346 
C 420.957450818419 4.49425688384316 -238.707590718491 
H 418.831058354830 11.9773471863351 -239.111782512050 
