COM -0.074486893746013 0.22110982163611 0.26382902719314
16
HO -202.684999012220 179.418953415426 308.192515531371 
C -203.830145828241 179.503771448384 307.340256960841 
C -205.091962652782 178.885775110311 307.970732041580 
C -206.361448684488 179.026371291971 307.110361232565 
C -207.654012642174 178.422792998819 307.690509195871 
C -208.722271954952 178.777497127538 306.639506331110 
C -208.678418558989 178.045278039042 305.285426538002 
H -202.288196760106 178.605612630641 307.920394711654 
HO -201.825255992139 176.955403081164 307.106618004795 
C -202.458668005556 175.869660291501 307.788418427173 
C -201.500475355666 175.339960371240 308.871416506659 
C -202.205264307771 174.831083789101 310.142603808807 
C -202.733360663095 173.407314470779 309.886488272969 
C -203.561664036069 172.758491532385 311.011006977542 
C -203.932356713482 171.274954688868 310.828509380740 
H -201.884357824041 176.766300671927 306.182620032781 
