COM 0.0018342523268302 0.047556112280077 0.082038442309852
161
O -213.980378473047 111.713074769544 294.684307794373 
H -214.387113760705 111.482098256070 293.849174214644 
H -213.058293553308 111.855903133917 294.470786603099 
HO -212.291258034695 113.513620694872 286.809819759855 
C -211.595446367279 113.644501966014 285.567396234502 
C -210.451542554088 114.663378666503 285.725428937977 
C -210.924294484748 116.120784566541 285.880585808890 
C -209.758911256019 117.042815195067 286.284741039287 
C -210.055852741768 118.527457587731 286.566277395637 
C -208.787351127757 119.292641618278 286.986987574558 
H -212.729553979892 112.676410156144 286.810241976138 
HO -211.825792730740 117.499063764046 295.275893070259 
C -210.966514307300 118.076599547657 296.262297150573 
C -209.775948145035 117.100025286182 296.283626123728 
C -208.570535151223 117.556915982275 297.126140459614 
C -207.655829082975 116.389095756964 297.539793369751 
C -206.697219937038 116.672393893946 298.711292695789 
C -205.773942103398 115.507512191457 299.114044059682 
H -212.466464801976 116.938677512711 295.686419009090 
HO -213.748841673327 111.338274333064 286.676045480145 
C -213.611052337582 110.622733774260 285.445632619492 
C -214.591920988005 109.439477022739 285.348678245693 
C -214.878142268679 108.639964304764 286.633379297411 
C -216.075632274850 107.680432012636 286.503319828382 
C -216.059571566211 106.619585725560 287.619539882329 
C -215.997714085817 107.069282175859 289.091119562370 
H -214.613645245234 111.718783012530 286.694831828068 
HO -219.747421226781 112.631556220144 290.050165487861 
C -219.824877427482 111.204084971942 290.085185089933 
C -220.977612292344 110.643804560787 289.231435599622 
C -220.970089276676 111.047556243411 287.745323900249 
C -219.868609889654 110.394000925946 286.890216534488 
C -219.665678484381 110.782520144706 285.413913157330 
C -218.616253855551 109.866120481867 284.757773228388 
H -219.023920654745 112.868748247775 289.490422811007 
O -214.438352843987 114.701466403231 291.486437992742 
H -215.203461654593 115.180027854970 291.167346650270 
H -213.868249969672 114.622913976176 290.721556257504 
O -211.545463632169 112.017436437539 291.197250341062 
H -211.320641880722 112.904042562958 290.915086207189 
H -212.257939211127 111.753695284942 290.614969486308 
O -215.599815883249 112.306053172230 290.525944433828 
H -215.299506318517 113.154070410046 290.852919615911 
H -215.891397778400 111.836987745600 291.307730506846 
O -217.582518293315 113.247367109275 288.833536297189 
H -217.508603559807 114.166261163759 289.091222479969 
H -216.888546402798 112.804579556976 289.321976711886 
HO -217.166020601984 115.650006239441 292.399263354703 
C -216.999985041764 116.454171911944 293.570010878258 
C -215.873298741480 117.501365751335 293.495425065285 
C -216.348576140191 118.750041535104 292.729579009408 
C -215.359850726154 119.930246211760 292.695830278527 
C -215.779696177756 121.089304724890 291.772838859331 
C -215.066050900292 122.445551676903 291.924181593247 
H -217.925634493494 115.087874897003 292.403745505199 
O -213.628312359506 110.771560183490 289.422615091682 
H -214.330108293347 111.293539202853 289.811526663363 
H -213.611199211448 111.039118126024 288.503728957524 
O -216.776807480627 115.545518052297 289.717242785359 
H -217.048037041533 116.001687563337 290.513845410567 
H -216.188472112878 116.159403286028 289.277654051586 
HO -216.206260378866 112.697462508486 286.689097815241 
C -216.311318900818 113.800064511000 285.784591579211 
C -216.740415663489 113.415496442169 284.356451751078 
C -216.899373804953 114.660069346944 283.463495652514 
C -217.337098462747 114.278930001835 282.037056055627 
C -217.422264022868 115.570585622649 281.202806342059 
C -218.038027246294 116.794012903248 281.906838544279 
H -216.763290113864 112.987869660662 287.395076965283 
O -214.361681661848 114.304397089432 294.343638720856 
H -214.256857903062 113.355031252954 294.406474444142 
H -214.518752829213 114.467465316668 293.413601494908 
O -212.934031440457 114.427330222279 289.215072924520 
H -212.163521383871 114.597952537957 289.756768519934 
H -212.577500682399 114.175604712866 288.363162174222 
O -215.679095057766 111.002516968291 292.778752805413 
H -215.371395622387 110.171289796825 292.417346819177 
H -216.423950007831 110.763337957201 293.330310911166 
HO -214.157262954517 109.139783735426 291.409321628317 
C -213.122096387777 108.278575151458 291.890621902578 
C -213.129802860818 108.508232055165 293.413382000838 
C -212.120550957526 107.680581068321 294.230697386524 
C -212.346965267212 108.127973922399 295.686779868559 
C -211.148009793965 107.757512939309 296.579452503503 
C -211.278008955398 108.236108817669 298.037412106251 
H -213.841996265013 109.521358799512 290.604317041400 
HO -214.456079994066 116.685261972665 288.675077282634 
C -214.478129878728 117.364777414638 287.417034132855 
C -215.089872206520 118.766583871546 287.596783908264 
C -216.489207729250 118.840143411590 288.235571109837 
C -217.624188297185 118.266724537658 287.366888253191 
C -218.752232605318 117.986915622949 288.377246115603 
C -219.918574600338 117.104583671857 287.894818215565 
H -214.013752013922 115.852690283832 288.610305831088 
HO -213.260774585066 115.630926868759 296.401472891484 
C -213.227898017697 114.676823167255 297.466134930862 
C -212.476792651820 115.222689396245 298.694740151997 
C -212.416372220659 114.308760889660 299.932756329739 
C -211.756874482601 114.943630452697 301.171143737388 
C -211.586841511752 114.066542651903 302.425498463342 
C -210.882866309035 114.676101462339 303.652061535743 
H -213.747924219484 115.272760504844 295.675231134597 
HO -214.998619862933 110.965862184791 297.119587018918 
C -214.174028939501 110.485959067071 298.184783154190 
C -214.560196885362 111.274444769470 299.449996422655 
C -215.939978814993 110.773130011328 299.915276273854 
C -216.527977982840 111.571720718925 301.093457015655 
C -215.574234719790 111.410708477113 302.291809570696 
C -215.970806892407 112.145729703005 303.585669806346 
H -214.535775098653 111.115347355792 296.309368586747 
HO -211.629944904996 112.352411452724 293.935387359170 
C -210.536196072381 113.132001720574 294.426154621146 
C -209.175639495135 112.488762104684 294.099461191978 
C -208.015442885020 113.258164790783 294.757916454317 
C -206.689892849489 113.176831004973 293.978235802647 
C -205.497059021963 113.952426574557 294.567471725134 
C -205.076226913162 113.617027253060 296.010388088386 
H -211.542980588199 112.214266011014 293.004593050776 
O -218.991941631066 113.546613049263 292.757690223763 
H -219.363169489471 113.364179041391 291.894475563373 
H -218.655738916400 112.702105876403 293.057702239590 
HO -217.330778307367 112.042375610121 296.535487700668 
C -217.426182504804 113.415925293195 296.921699180609 
C -218.477419853456 113.662239807191 298.019801724543 
C -218.480977306935 115.145304670785 298.434658271915 
C -219.196599173644 115.465684253953 299.760117538198 
C -218.462213538278 114.997678758469 301.030254772817 
C -219.259811533911 115.368855916073 302.294242492312 
H -216.511051306851 111.726488863168 296.883752266370 
HO -217.945274720438 110.876276217993 294.122681460007 
C -219.122569383034 110.070884896436 294.223785844587 
C -218.706649340979 108.616909469344 294.514588141743 
C -217.724044751413 108.425205834086 295.684775279252 
C -217.319390665909 106.966596544401 295.968172546581 
C -216.368107041190 106.740671240163 297.157969681493 
C -217.085534725834 107.047896992151 298.485565197688 
H -217.817449849782 111.213850655070 294.996025207838 
HO -211.089944219502 116.810829074404 292.641758813523 
C -211.730011372953 117.747427396269 291.771128224494 
C -210.974389059225 119.088561532560 291.815784102860 
C -211.401523442198 120.306052140106 290.975026801721 
C -210.326379106538 121.406416754531 290.905296085263 
C -210.753420782444 122.673792222901 290.141755104560 
C -210.929539598029 122.501999416317 288.621534924980 
H -211.343021706480 117.045210665097 293.521555412476 
HO -210.863363462510 114.771744938121 290.987510341148 
C -209.452499825569 114.776064970783 290.754389910312 
C -208.894836855015 116.081586995485 290.157544658766 
C -207.354840991431 116.082810705333 290.160897669349 
C -206.603698989783 117.340466566187 289.685831959136 
C -205.084277488381 117.131450970843 289.824651201249 
C -204.348644920760 118.306084416122 289.153323416416 
H -211.007757183953 115.459635299741 291.619160801133 
HO -222.328364794747 113.676357255242 289.967543091947 
C -222.478721636868 114.973861599856 290.549587158780 
C -222.094532926385 115.055105046094 292.038680351694 
C -222.353670194129 116.393898707064 292.754277591635 
C -221.419191509506 117.543351903609 292.333436841545 
C -221.725320488716 118.946893246626 292.888375348527 
C -221.591269351693 119.063142341402 294.418119261941 
H -221.448634198585 113.338018030180 289.899530983019 
