COM -0.071225400527737 0.05302098101356 0.006710758758004
38
O -1175.21315312907 -1397.84263387135 888.108606843490 
H -1174.74311834572 -1397.02906165878 888.291361863628 
H -1176.11781351601 -1397.65923960447 888.361960286705 
O -1177.53232204673 -1399.70974751064 890.591433728123 
H -1177.03441325244 -1400.23764617327 889.967220884176 
H -1177.21724865626 -1399.99253358707 891.449916479020 
O -1171.71207588158 -1398.63218696471 889.723358737597 
H -1172.11380922025 -1397.80427988527 889.459897103935 
H -1172.44581374868 -1399.24258847372 889.795957499226 
O -1174.91543195318 -1395.60961664439 890.651123291117 
H -1175.81364330735 -1395.32420470207 890.483826469837 
H -1175.00990157358 -1396.45849525540 891.083225633836 
O -1175.06650939082 -1398.18671783029 891.599366002348 
H -1174.32314387410 -1398.73137495153 891.340545275150 
H -1175.81066006348 -1398.55384734085 891.122199848012 
O -1173.46507253578 -1400.34354160503 890.724065683527 
H -1173.03339622918 -1401.16575724583 890.956119225521 
H -1174.15446512455 -1400.59908116910 890.111147067602 
O -1170.21130864615 -1400.90440130930 889.913468507113 
H -1170.67693818651 -1400.07232565656 889.829378797439 
H -1169.73038010910 -1400.99449074094 889.090775686826 
O -1172.84081382219 -1396.28280443450 889.010404029415 
H -1172.15753869643 -1395.63410939628 888.841401988267 
H -1173.38919127358 -1395.88339022701 889.685668645445 
O -1175.11616924137 -1400.68296498107 888.806378988717 
H -1175.23398788586 -1399.75749787285 888.592226616301 
H -1175.12925842110 -1401.12882358223 887.959460680291 
O -1171.80436272492 -1402.45666599043 891.420146960471 
H -1171.21656979324 -1402.97309064507 891.971542359034 
H -1171.22242958059 -1401.88888468246 890.914963783950 
HO -1177.75260208843 -1397.48720495499 888.979025769888 
C -1179.03087824836 -1396.90936118572 888.701525072073 
C -1178.85203334780 -1395.38748874621 888.548166735500 
C -1177.86957358374 -1394.96282938540 887.440901076652 
C -1177.44642006017 -1393.49872314473 887.662111409873 
C -1177.07064166269 -1393.23740128732 889.132520020709 
C -1176.44213243154 -1391.83235599733 889.181752930869 
H -1177.81621962318 -1398.25051111633 889.532507037260 
