COM -0.27729386958815 0.14703267812308 -0.27436771104067
8
HO -35.8158940509513 399.961969792631 -669.386577310949 
C -35.2598622181874 401.151817547868 -669.952254710454 
C -35.8475194496907 401.480520240341 -671.337250565402 
C -35.9627680193418 400.321865544172 -672.345137990781 
C -36.4701015573882 400.755455805099 -673.733018449180 
C -36.6429546288420 399.581478263265 -674.714598067428 
C -37.0310885176724 399.937344866105 -676.161771535027 
H -35.1873119503105 399.628669565638 -668.764628356902 
