COM 0.31163894194583 0.27330186176796 -0.044445490503165
8
HO -540.897186597421 101.148575357812 -331.385465874365 
C -541.313817328628 102.464424165784 -331.759445483934 
C -540.553161190864 103.528395787708 -330.946446942838 
C -540.805241990883 103.422554651110 -329.430909769403 
C -540.343512952300 104.587380049517 -328.535595251395 
C -540.789694800315 105.999037111320 -328.959559988565 
C -540.253182376313 106.975028350273 -327.895983230462 
H -541.603623638603 100.529042518394 -331.284714855866 
