COM -0.15507625517047 0.031218310216218 -0.38570054653654
8
HO -30.6277015535173 684.573251600512 -30.5559761218094 
C -30.8433940891640 685.981825954996 -30.6755378964602 
C -31.3381629242717 686.649083300234 -29.3787837042432 
C -30.3086338487006 686.571509790458 -28.2361322993367 
C -30.8950906699198 687.226475155109 -26.9717396514800 
C -29.7697857941950 687.451731129153 -25.9448274435346 
C -29.9966030611198 688.004611570707 -24.5255046667245 
H -30.2761677876272 684.502484543731 -29.6816529349307 
