COM -0.35034439000052 -0.010721446799778 -0.22568118748086
8
HO -185.098578133995 150.761236697618 -283.939189777109 
C -186.198687960469 150.678989632282 -283.029303086394 
C -187.139427082637 151.886688399841 -283.196854842152 
C -187.880120608754 152.149300491873 -281.872465175367 
C -188.436133531017 153.579666571159 -281.744003081725 
C -187.420459650750 154.700825589691 -282.032115948684 
C -187.969429196827 156.129882352991 -281.864696700245 
H -184.304401858330 150.785540551004 -283.427605604287 
