COM 0.12782331591241 0.090486288479724 -0.3863438506246
8
HO -114.637147228242 -920.419348761577 516.108360936899 
C -113.232610468785 -920.683941536660 516.061808227995 
C -112.796176433538 -920.502472832727 514.596136217493 
C -111.265755271019 -920.605714011711 514.459197091326 
C -110.867855430583 -920.347361670029 512.994093072995 
C -109.357999073689 -920.592174750082 512.815206691789 
C -108.835095305258 -920.511415305272 511.368953062223 
H -114.926902816948 -920.624467112647 516.984142394152 
